%LEMI424 #0131
%FIRMWARE Ver.1.4
%MADE in UKRAINE

%Date 2020/11/18
%Time 07:35:10
%Ubat 11.93V
%MODE - PC+FL
%Free 28994MB
%Lat 4947.92964,N
%Lon 02400.54708,E
%Alt 366.0,m 12 2
%MODE LCD
KXH = 0.000000e+00
KYH = 0.000000e+00
KZH = 0.000000e+00
KXL = 5.922221e-05
KYL = 5.926278e-05
KZL = 5.905044e-05
AX = -1.018800e+03
AY = -1.018660e+03
AZ = -1.014990e+03
KTE = 7.812500e-03
KTF = 1.030275e-07
KUIN = 1.239071e-03
ATE = 0.000000e+00
ATF = 1.911000e+02
AUIN = 7.000000e-02
KXY = 0.000000e+00
KYZ = 0.000000e+00
KXZ = 0.000000e+00
KE1 = 1.153581e-03
KE2 = 1.154168e-03
KE3 = 1.154046e-03
KE4 = 1.153745e-03
AE1 = -1.979900e+04
AE2 = -1.984200e+04
AE3 = -1.983000e+04
AE4 = -1.987600e+04
L1 = 1.000000e+00
L2 = 1.000000e+00
L3 = 1.000000e+00
L4 = 1.000000e+00
KTE1 = 0.000000e+00
KTE2 = 0.000000e+00
KTE3 = 0.000000e+00
KTE4 = 0.000000e+00
SKX = 1.148095e-01
SKY = 6.645367e-02
SAX = 3.660178e+01
SAY = 2.832332e+01
